      0/99     1.04G   0.06602   0.01844   0.01473   0.09919         6       640   0.04103   0.03125  0.007576  0.001166   0.07098   0.02271   0.01304
      1/99     3.23G   0.06702   0.01816   0.01642    0.1016         5       640   0.03106    0.3229     0.028  0.005716   0.06792   0.02256   0.01261
      2/99     3.54G   0.05985     0.016   0.01497   0.09082         6       640   0.07266   0.08333   0.03845  0.007064   0.06095   0.02226   0.01157
      3/99     3.54G   0.05972   0.01445   0.01449   0.08867         1       640    0.0532     0.125     0.044   0.01051   0.06109   0.02051   0.01139
      4/99     3.54G   0.05625   0.01498   0.01376   0.08499         4       640    0.1493      0.25    0.1274   0.02647   0.06056   0.02005   0.01122
      5/99     3.54G   0.05141   0.01484     0.012   0.07825         4       640    0.1829    0.2812   0.09234   0.02646   0.05515    0.0208   0.01019
      6/99     3.54G   0.04994   0.01271   0.01171   0.07436         4       640    0.2585    0.2161    0.1746   0.05211   0.05806   0.02006   0.01045
      7/99     3.54G   0.05341   0.01453   0.01193   0.07987         3       640    0.3752    0.1771    0.1332   0.06131   0.06294   0.01827   0.01074
      8/99     3.54G   0.05252   0.01413   0.01195    0.0786         2       640    0.2422     0.375     0.188   0.09113   0.05668   0.02026   0.01077
      9/99     3.54G   0.05278   0.01435   0.01231   0.07944         1       640    0.4405    0.1664    0.1816   0.06552   0.05543   0.02205   0.01054
     10/99     3.54G    0.0512   0.01336    0.0111   0.07566         3       640    0.1965    0.4375     0.188   0.05435   0.05537   0.02062  0.009967
     11/99     3.54G   0.04754   0.01356   0.01075   0.07184         9       640    0.4603    0.3221    0.2909    0.1005   0.05299   0.02093  0.009612
     12/99     3.54G   0.04869   0.01327   0.01103     0.073         3       640    0.4905    0.2795    0.2928    0.1244   0.04894   0.02292   0.00962
     13/99     3.54G   0.04642   0.01342   0.01145   0.07129         4       640     0.362    0.3542     0.285    0.1203   0.05551   0.02103  0.009629
     14/99     3.54G   0.04447   0.01352    0.0101   0.06809         3       640    0.5455    0.2496    0.2782    0.1393   0.05594   0.02106  0.009913
     15/99     3.54G   0.04813   0.01368   0.01043   0.07224         4       640     0.642    0.2917    0.3457    0.1326   0.04851   0.02367  0.009287
     16/99     3.54G    0.0465   0.01367  0.009908   0.07008         3       640     0.462    0.2683    0.2894    0.1308   0.04889   0.02383  0.009998
     17/99     3.54G   0.04775   0.01311   0.01075   0.07161         8       640     0.327    0.3646    0.2858    0.1396   0.05287   0.02245   0.00894
     18/99     3.54G   0.04791    0.0139   0.01012   0.07192         3       640    0.3617    0.3229    0.3309    0.1605   0.04891   0.02337  0.009361
     19/99     3.54G   0.04467   0.01285  0.009176   0.06669         1       640    0.2623    0.4271    0.2897    0.1352   0.05247   0.02265  0.009486
     20/99     3.54G   0.04763   0.01432   0.01073   0.07268         6       640    0.2454    0.4479    0.2355   0.09767   0.04994   0.02338  0.009208
     21/99     3.54G    0.0444   0.01389  0.009607    0.0679         3       640    0.2716    0.2988    0.2425    0.1021   0.04941   0.02372  0.008661
     22/99     3.54G   0.04094    0.0132  0.008629   0.06277         3       640    0.3004    0.4408    0.3309    0.1881    0.0508   0.02337  0.008501
     23/99     3.54G   0.04868   0.01447  0.009827   0.07298         9       640    0.4364    0.3623     0.355    0.2041   0.05207   0.02251  0.008545
     24/99     3.54G   0.04257   0.01429  0.009391   0.06625         7       640    0.4859    0.4775    0.4122    0.2017   0.04643   0.02373  0.008098
     25/99     3.54G   0.04217   0.01387  0.009192   0.06524         9       640    0.6723    0.3292    0.4134    0.2025   0.04737   0.02342  0.008439
     26/99     3.54G   0.04332   0.01424  0.009816   0.06738         5       640    0.3203    0.4271    0.3252    0.1519   0.04485   0.02278  0.008392
     27/99     3.54G   0.03858   0.01327  0.008326   0.06017         5       640    0.4094    0.4167     0.373    0.1723   0.04491   0.02317  0.007981
     28/99     3.54G   0.04927   0.01457  0.009388   0.07322         8       640     0.679    0.2917    0.3793    0.1638   0.04778   0.02293  0.008083
     29/99     3.54G   0.04237   0.01466   0.00898   0.06601         1       640    0.6184    0.3646    0.3688    0.1462   0.04965   0.02366  0.008195
     30/99     3.54G    0.0457   0.01373  0.009168    0.0686         2       640    0.6291    0.3229     0.349    0.1446   0.04768   0.02361   0.00763
     31/99     3.54G   0.04298    0.0145  0.008371   0.06586         2       640    0.6019    0.3854     0.385     0.177   0.04708   0.02356  0.007604
     32/99     3.54G   0.04459   0.01506  0.008874   0.06852         7       640    0.6478     0.346    0.4234    0.1814   0.04722   0.02359  0.008438
     33/99     3.54G    0.0443   0.01438  0.007783   0.06647        12       640    0.7057    0.3228    0.3973    0.1768    0.0452   0.02432  0.008142
     34/99     3.54G   0.04267   0.01499  0.008611   0.06628         6       640     0.791     0.423    0.4585    0.2078   0.04768   0.02329  0.008317
     35/99     3.54G   0.04608   0.01434  0.008194   0.06862        16       640    0.4833    0.4688    0.4098    0.1594    0.0492   0.02324  0.009193
     36/99     3.54G   0.03969   0.01372   0.00777   0.06117         6       640    0.3885    0.5417    0.3599     0.174   0.04846   0.02265  0.008586
     37/99     3.54G     0.042   0.01409  0.008247   0.06434         2       640    0.3448    0.4271    0.3361    0.1811    0.0468   0.02334  0.007768
     38/99     3.54G   0.04175    0.0134  0.008285   0.06343        10       640    0.5811    0.4161    0.4298    0.1832   0.04728   0.02238  0.007915
     39/99     3.54G   0.04178   0.01309  0.007553   0.06243         5       640    0.5259    0.3125    0.3441    0.1798   0.04656   0.02293  0.007455
     40/99     3.54G     0.041   0.01505  0.007413   0.06346        13       640    0.6738    0.3537    0.4307    0.2125   0.04631   0.02273  0.007745
     41/99     3.54G   0.04358   0.01474  0.007934   0.06626         6       640     0.565    0.3854    0.4544    0.1966   0.04616   0.02265  0.007924
     42/99     3.54G   0.03995   0.01496  0.007691    0.0626         4       640    0.4958    0.3542    0.3948    0.2048    0.0466   0.02377  0.008307
     43/99     3.54G   0.03791   0.01358  0.006976   0.05847         4       640    0.5051    0.3941      0.39    0.1542   0.04767    0.0231  0.008451
     44/99     3.54G   0.04171   0.01381  0.007456   0.06297         6       640    0.4907    0.3846    0.4122    0.1727   0.04518   0.02358  0.007797
     45/99     3.54G    0.0416   0.01254  0.006463   0.06061         5       640    0.3695    0.5542    0.3942    0.1845   0.04508   0.02283  0.006602
     46/99     3.54G   0.03963   0.01345  0.007174   0.06025         4       640       0.5    0.3958    0.4312    0.2051   0.04348     0.023  0.006528
     47/99     3.54G    0.0426   0.01379  0.007068   0.06345         1       640      0.37    0.5045    0.4479    0.2111   0.04471   0.02254   0.00619
     48/99     3.54G   0.03916   0.01392  0.006498   0.05958         9       640    0.5625    0.3008    0.4048    0.2086   0.04641   0.02235  0.006381
     49/99     3.54G   0.03698   0.01409  0.006004   0.05708         4       640    0.5404    0.3438    0.4055    0.1999   0.04527   0.02266  0.006376
     50/99     3.54G   0.03747   0.01375  0.006441   0.05766         6       640    0.7459    0.3719    0.4874    0.2331   0.04534   0.02254  0.006211
     51/99     3.54G   0.04139   0.01377  0.007047    0.0622         1       640    0.6836    0.4167    0.4872     0.249   0.04569   0.02251  0.006119
     52/99     3.54G   0.03882   0.01395  0.006002   0.05877         3       640    0.7002    0.4062    0.4998    0.2522   0.04487   0.02165  0.005729
     53/99     3.54G   0.03649   0.01416  0.006558   0.05721         4       640    0.6119    0.3854    0.4378    0.2095   0.04539   0.02216  0.006401
     54/99     3.54G   0.03406   0.01375  0.006213   0.05403         5       640    0.6845    0.3851    0.4896    0.2474   0.04458    0.0223  0.005527
     55/99     3.54G   0.03975   0.01517  0.006791   0.06171         1       640    0.8844    0.4583    0.5412    0.2586   0.04372   0.02202  0.005861
     56/99     3.54G   0.03415   0.01433  0.005583   0.05407         5       640      0.51    0.6144    0.5364    0.2558   0.04422   0.02252  0.006614
     57/99     3.54G   0.03446   0.01376  0.005714   0.05393         5       640    0.4981    0.5104    0.4552    0.2285   0.04404   0.02279  0.006687
     58/99     3.54G   0.03558   0.01286  0.006285   0.05473         4       640    0.5689    0.5101    0.4954    0.2453   0.04479   0.02255  0.006466
     59/99     3.54G   0.03539   0.01378  0.006094   0.05526         3       640    0.5648    0.5078    0.5062    0.2399   0.04453   0.02296  0.006426
     60/99     3.54G   0.03484   0.01252  0.006173   0.05353         5       640    0.6911    0.4453    0.5105    0.2533    0.0443   0.02367  0.006506
     61/99     3.54G   0.03521   0.01349  0.006366   0.05507         6       640    0.5007    0.4375    0.5152    0.2458    0.0442   0.02388  0.006325
     62/99     3.54G   0.03483   0.01334  0.005367   0.05354         6       640    0.6847    0.4781    0.5235     0.245   0.04456    0.0232  0.006113
     63/99     3.54G   0.03658   0.01376  0.006664   0.05701         2       640    0.6405    0.4034    0.5058    0.2369   0.04465   0.02332  0.006042
     64/99     3.54G   0.03552   0.01357   0.00598   0.05506         4       640    0.6034    0.4062    0.5046    0.2451   0.04431   0.02337  0.005905
     65/99     3.54G   0.03405   0.01382  0.005944   0.05382         4       640    0.7069    0.4062    0.5161    0.2522   0.04419   0.02332  0.006003
     66/99     3.54G   0.03416   0.01367  0.005384   0.05322         5       640    0.7352     0.519    0.5736    0.2402   0.04416   0.02313  0.006011
     67/99     3.54G   0.03488   0.01322   0.00607   0.05418         2       640    0.6544    0.4374    0.5128    0.2647   0.04415     0.023  0.005662
     68/99     3.54G   0.03544   0.01262  0.006193   0.05426         1       640    0.6535    0.4062    0.4962    0.2826   0.04425   0.02292  0.005771
     69/99     3.54G   0.03305   0.01349  0.005406   0.05195         3       640     0.633    0.4062    0.4932     0.262   0.04496   0.02321   0.00587
     70/99     3.54G   0.03536   0.01326    0.0052   0.05381         9       640    0.7079    0.4479    0.5205    0.2586   0.04431   0.02327  0.006034
     71/99     3.54G   0.03557   0.01354  0.006017   0.05513         3       640       0.6    0.4062     0.482    0.2617   0.04342   0.02357   0.00592
     72/99     3.54G   0.03793   0.01314  0.007061   0.05813         3       640     0.799    0.3642     0.508    0.2734   0.04349   0.02386  0.005832
     73/99     3.54G    0.0339   0.01288  0.005825   0.05261         4       640    0.6651    0.4062    0.4975    0.2663   0.04397   0.02383  0.005979
     74/99     3.54G   0.03276   0.01306  0.005521   0.05134         1       640    0.6454    0.4062    0.5025    0.2706   0.04356   0.02374  0.006005
     75/99     3.54G   0.03448   0.01371  0.005751   0.05394         3       640    0.5892    0.4351    0.5082    0.2678   0.04372   0.02342   0.00593
     76/99     3.54G   0.03678   0.01491  0.005837   0.05752         5       640    0.6229    0.4371     0.532    0.2865   0.04401   0.02293  0.005896
     77/99     3.54G   0.03208   0.01308  0.005797   0.05096         2       640    0.6596    0.4372    0.5266    0.2745   0.04336   0.02326  0.005821
     78/99     3.54G   0.03047   0.01317  0.005627   0.04927         9       640    0.6777    0.4373    0.5195    0.2823   0.04357   0.02341  0.005845
     79/99     3.54G    0.0353   0.01301  0.005525   0.05384         4       640    0.8782    0.4479    0.5849    0.2819   0.04366    0.0231  0.005772
     80/99     3.54G   0.03148   0.01274  0.005566   0.04978         4       640    0.7654    0.4062    0.5274    0.2913   0.04355   0.02315  0.005722
     81/99     3.54G   0.03545   0.01293  0.005842   0.05422         2       640    0.7298    0.4792    0.5716    0.2856   0.04354   0.02352  0.005779
     82/99     3.54G   0.03403   0.01364  0.005368   0.05304         3       640    0.7124    0.4792     0.595    0.2723   0.04384   0.02299  0.005675
     83/99     3.54G   0.03447   0.01413  0.005075   0.05367        10       640    0.6183     0.406     0.525    0.2647   0.04413    0.0232  0.005757
     84/99     3.54G   0.03536   0.01372  0.005333   0.05441         6       640     0.619    0.4375    0.5269    0.2824   0.04397   0.02311   0.00564
     85/99     3.54G   0.03339   0.01443  0.005397   0.05322        13       640      0.66    0.4364     0.534    0.2819   0.04393   0.02313  0.005608
     86/99     3.54G   0.03548    0.0134  0.005775   0.05466         2       640    0.7251    0.4792    0.5608    0.2726    0.0441   0.02304   0.00564
     87/99     3.54G   0.03314   0.01423  0.004881   0.05226         2       640    0.6781    0.4792    0.5566    0.2657   0.04434   0.02317  0.005756
     88/99     3.54G   0.03439    0.0135  0.005152   0.05304         4       640      0.72    0.4792    0.5461    0.2792   0.04437   0.02291   0.00578
     89/99     3.54G   0.03508   0.01397  0.005675   0.05472         4       640    0.7152    0.4792    0.5462    0.2803   0.04411   0.02298   0.00578
     90/99     3.54G   0.03309   0.01378  0.005175   0.05205         2       640    0.7191     0.479    0.5442    0.2773   0.04407   0.02309  0.005805
     91/99     3.54G   0.03038   0.01145  0.004723   0.04655         1       640    0.7213    0.4792    0.5425    0.2767   0.04381   0.02314  0.005714
     92/99     3.54G   0.03447   0.01386  0.005373    0.0537         4       640    0.7248    0.4792    0.5431    0.2735   0.04398    0.0229  0.005686
     93/99     3.54G   0.03511     0.014  0.005718   0.05482         6       640    0.7261     0.479    0.5412    0.2795   0.04385   0.02284  0.005653
     94/99     3.54G   0.03267   0.01292   0.00478   0.05036         2       640    0.7206    0.4792    0.5438    0.2786   0.04396   0.02294  0.005645
     95/99     3.54G   0.03448   0.01255  0.005498   0.05253         3       640    0.7531    0.4061    0.5332    0.2832   0.04378     0.023  0.005548
     96/99     3.54G   0.03401   0.01332   0.00571   0.05304         2       640    0.7528    0.4062    0.5383    0.2958   0.04365   0.02288  0.005582
     97/99     3.54G   0.03509   0.01439  0.005214    0.0547         2       640    0.7614     0.406    0.5306    0.2883   0.04381   0.02288  0.005666
     98/99     3.54G   0.03207   0.01239   0.00536   0.04982         4       640    0.6564    0.4375     0.537    0.2873   0.04385   0.02285  0.005594
     99/99     3.54G    0.0301   0.01239  0.005218   0.04771         1       640    0.6553    0.4375    0.5366    0.2832   0.04387   0.02302  0.005635
