      0/74      3.2G   0.05745   0.01712   0.01257   0.08714        13       640    0.5367   0.07143   0.01478   0.00422   0.06012   0.01536  0.009503
      1/74     3.19G   0.05655   0.01687   0.01392   0.08734        20       640     0.107    0.1429   0.05196   0.02334   0.05532   0.01481  0.009119
      2/74      3.5G   0.04754   0.01573   0.01206   0.07534        17       640    0.1049    0.1429    0.0574   0.01404   0.04997   0.01357  0.008695
      3/74      3.5G   0.04609   0.01492   0.01162   0.07263        16       640    0.1185    0.4571    0.1564   0.06759   0.05015   0.01213  0.008902
      4/74      3.5G    0.0509   0.01298   0.01133   0.07522        13       640    0.5059       0.7    0.3196   0.07891   0.04892   0.01001  0.009221
      5/74      3.5G   0.04108   0.01281   0.00921    0.0631        22       640    0.8709    0.2072    0.3409    0.1087   0.04419  0.009991   0.01019
      6/74      3.5G   0.04935   0.01244   0.01013   0.07192         9       640    0.6816    0.4286    0.2664    0.1216   0.04123   0.01157   0.01016
      7/74      3.5G   0.04663   0.01126   0.01019   0.06808        16       640    0.1273      0.75    0.1589   0.06152   0.04543   0.01283  0.009795
      8/74      3.5G   0.04534   0.01116  0.009229   0.06573        27       640    0.6404    0.1429     0.179   0.03271   0.04334   0.01339  0.009942
      9/74      3.5G   0.05171    0.0122   0.01054   0.07445        17       640    0.8611    0.2143     0.392   0.09918   0.03763   0.01271   0.01077
     10/74      3.5G   0.04007   0.01154  0.009328   0.06094        12       640     0.996    0.2143    0.4072    0.1804   0.04372   0.01131   0.01009
     11/74      3.5G   0.03955   0.01098   0.01015   0.06068        14       640    0.9941    0.1429    0.2476   0.08948   0.03838   0.01097   0.01213
     12/74      3.5G     0.043   0.01179   0.00865   0.06345        19       640    0.8729    0.2143     0.312     0.106   0.03532   0.01168   0.01247
     13/74      3.5G    0.0426   0.01161  0.009911   0.06412        10       640    0.8301    0.2857    0.3557    0.1277   0.03555   0.01137   0.01128
     14/74      3.5G   0.04121   0.01178  0.009345   0.06233        18       640    0.1935       0.8    0.3898    0.2231    0.0341   0.01173   0.01048
     15/74      3.5G    0.0419   0.01146  0.009644   0.06301        20       640    0.2746    0.7433    0.4417    0.2702   0.03907   0.01166  0.009751
     16/74      3.5G   0.03455   0.01136  0.006985    0.0529        28       640    0.4316    0.5286    0.5429    0.2961   0.04208   0.01049  0.009508
     17/74      3.5G   0.03896   0.01122  0.009326    0.0595        20       640    0.5274    0.5785    0.5078    0.2875   0.04265   0.01059  0.009442
     18/74      3.5G   0.02772   0.01154  0.007044   0.04631         7       640    0.7963    0.5179    0.5286    0.2643   0.03698   0.01166  0.009476
     19/74      3.5G   0.03489   0.01048  0.008054   0.05342        11       640    0.3651    0.7495    0.4966    0.2587   0.04455   0.01052  0.008901
     20/74      3.5G   0.04048    0.0113  0.009706   0.06149        21       640    0.3485    0.7286    0.5033    0.2844   0.04306   0.01047  0.009228
     21/74      3.5G   0.04091    0.0115  0.009282   0.06169        16       640    0.4283    0.6551    0.4155    0.2332   0.04266   0.01039  0.009041
     22/74      3.5G   0.04022   0.01222   0.01109   0.06353        33       640    0.4965       0.7    0.5736    0.3438   0.03984   0.01067  0.009349
     23/74      3.5G   0.03157   0.01125  0.007609   0.05043        12       640    0.6116      0.75    0.6306    0.3986   0.04079    0.0096  0.008697
     24/74      3.5G   0.03156   0.01179  0.007951    0.0513        22       640    0.4809       0.8    0.5805    0.3056   0.04136  0.009936  0.008841
     25/74      3.5G   0.04427    0.0104   0.01057   0.06524        18       640    0.5135    0.7251    0.6105    0.4039   0.03879  0.009964  0.008969
     26/74      3.5G   0.03248  0.009569  0.007588   0.04963        14       640    0.5711    0.5786    0.6181    0.4064   0.04044   0.01008  0.009092
     27/74      3.5G   0.03987   0.01113  0.009958   0.06096        16       640    0.6199    0.6286    0.6242    0.3719   0.03918   0.01079  0.009427
     28/74      3.5G   0.03642   0.01173  0.008685   0.05684         9       640    0.5636    0.6286     0.652    0.4245   0.04174   0.01003  0.009183
     29/74      3.5G   0.03685   0.01188  0.008377   0.05711        26       640    0.4425    0.6786    0.5509    0.3369   0.03194   0.01092  0.009815
     30/74      3.5G   0.03846   0.01162  0.009774   0.05985        14       640    0.4408    0.5787    0.5221    0.3052   0.03387    0.0111   0.01011
     31/74      3.5G    0.0378   0.01115  0.008103   0.05706        12       640    0.5087    0.6278    0.5287    0.2748   0.03362   0.01051  0.009711
     32/74      3.5G   0.02952   0.01137  0.008101     0.049        15       640    0.4119    0.6268    0.5548    0.2879   0.03344   0.01063  0.009596
     33/74      3.5G   0.03613   0.01157  0.009431   0.05713        10       640    0.5828    0.5071    0.4926    0.3093   0.03142   0.01074  0.009301
     34/74      3.5G   0.04637   0.01257   0.01191   0.07086        14       640    0.4496    0.5571     0.522    0.3721   0.02522   0.01068  0.009896
     35/74      3.5G   0.03025   0.01205  0.008367   0.05067        12       640    0.5037    0.6286    0.5529    0.3604   0.02635   0.01054   0.01043
     36/74      3.5G   0.03657   0.01131  0.008958   0.05684        11       640    0.4558    0.6071    0.6073    0.3648   0.03184    0.0104  0.008864
     37/74      3.5G   0.04001     0.011    0.0108   0.06181        20       640    0.5831    0.6571    0.5715    0.3402   0.03116   0.01069   0.00952
     38/74      3.5G   0.03492   0.01104  0.009202   0.05516        11       640    0.4655    0.6571    0.5578    0.2978   0.03192   0.01038  0.009207
     39/74      3.5G   0.03702    0.0116    0.0106   0.05923        17       640     0.529    0.6779    0.6343    0.3902   0.03202   0.01096  0.009596
     40/74      3.5G   0.03609   0.01121  0.009134   0.05644         9       640    0.4906    0.6571    0.6119    0.3696   0.03265   0.01017  0.009565
     41/74      3.5G   0.03642   0.01138  0.009259   0.05707        18       640    0.5312    0.7286    0.6188    0.3723   0.03377  0.009932   0.00888
     42/74      3.5G   0.03499   0.01123  0.009007   0.05523        13       640    0.5573    0.7286    0.6337    0.3901   0.03228  0.009889  0.008926
     43/74      3.5G   0.03624   0.01004  0.009593   0.05587        13       640    0.7218    0.6286    0.6577    0.4026    0.0309   0.01008  0.008921
     44/74      3.5G   0.03377   0.01273  0.009151   0.05566        19       640    0.6964    0.6282    0.6679    0.4485   0.03069  0.009833  0.009047
     45/74      3.5G   0.03951   0.01135  0.009724   0.06058        23       640    0.6369    0.6024    0.6648    0.4348   0.03039   0.01004   0.00914
     46/74      3.5G    0.0333   0.01122  0.008767   0.05329        12       640    0.5978    0.6238      0.66    0.4095   0.03163  0.009908  0.009162
     47/74      3.5G   0.03304    0.0108  0.008126   0.05197        11       640    0.6748    0.6286    0.6596    0.4172   0.03027  0.009863  0.008938
     48/74      3.5G   0.03791   0.01214    0.0096   0.05965        14       640    0.6568    0.6286     0.683     0.444   0.02955   0.01009  0.009071
     49/74      3.5G   0.02966   0.01048  0.007926   0.04807        12       640    0.6498    0.6286    0.6895    0.4594   0.02808   0.01021  0.009103
     50/74      3.5G    0.0327   0.01173  0.008589   0.05301        15       640    0.4715      0.85    0.7147    0.4529   0.02943  0.009824  0.009156
     51/74      3.5G   0.03014    0.0117  0.008835   0.05068        11       640    0.5266    0.7286    0.6963    0.4456   0.02812   0.01016  0.009074
     52/74      3.5G   0.03127   0.01095   0.00861   0.05083        10       640    0.6127    0.7279    0.7252    0.4474   0.02883  0.009959  0.009008
     53/74      3.5G   0.02424   0.01074  0.006963   0.04194        10       640     0.633    0.6786    0.6854    0.4325   0.02819   0.01004  0.009117
     54/74      3.5G   0.02991   0.01076  0.009264   0.04994        19       640    0.5642    0.7286    0.7008    0.4538   0.02808   0.01004  0.009065
     55/74      3.5G   0.03205   0.01083  0.009544   0.05243        14       640    0.5732    0.7284    0.6789    0.4425   0.02789   0.01024  0.009019
     56/74      3.5G   0.02351   0.01136  0.007488   0.04235         9       640    0.6049    0.6786     0.715    0.4646   0.02841   0.01021  0.008996
     57/74      3.5G   0.02985    0.0104  0.008247    0.0485         9       640    0.6301    0.7275    0.7494    0.4688   0.02889   0.01011  0.008952
     58/74      3.5G   0.03097   0.01111  0.009086   0.05117        20       640    0.5851    0.7286    0.7379    0.4732    0.0284   0.01013  0.008879
     59/74      3.5G   0.02718    0.0107  0.008185   0.04607         8       640    0.5157    0.8471    0.7236    0.4518   0.02875   0.01007  0.008874
     60/74      3.5G   0.02725   0.01168  0.008503   0.04743        14       640     0.533    0.8493    0.7285    0.4634   0.02858   0.01006  0.008971
     61/74      3.5G   0.03599   0.01142   0.00957   0.05698        23       640    0.5136      0.85    0.7356    0.4531   0.02903  0.009972  0.008915
     62/74      3.5G   0.02742   0.01052  0.009037   0.04698        13       640     0.569    0.7279      0.72    0.4636   0.02796  0.009983  0.008826
     63/74      3.5G   0.02969   0.01117   0.00911   0.04998        12       640    0.6299    0.7279    0.7489    0.4617   0.02842  0.009949  0.009004
     64/74      3.5G   0.02578   0.01114  0.008584   0.04551        13       640     0.633    0.7279    0.7346    0.4656   0.02859  0.009877  0.008962
     65/74      3.5G   0.02804    0.0104  0.008432   0.04687        13       640    0.6277    0.7275      0.73    0.4777   0.02778   0.01006  0.008926
     66/74      3.5G   0.02735   0.01146  0.008079   0.04689        30       640    0.6294    0.7281    0.7273    0.4585   0.02847  0.009967   0.00886
     67/74      3.5G   0.03076   0.01211  0.008627    0.0515        15       640    0.5789    0.7286    0.7317    0.4624   0.02798  0.009911  0.008795
     68/74      3.5G   0.02532    0.0112  0.008149   0.04467         6       640    0.5838    0.7273    0.7239    0.4701   0.02769   0.01009  0.008818
     69/74      3.5G   0.02515   0.01044  0.007927   0.04352         9       640    0.5778     0.728    0.7301    0.4769   0.02752  0.009931   0.00889
     70/74      3.5G   0.03557   0.01269   0.01004   0.05831        24       640    0.6154    0.6786    0.7134    0.4664   0.02785  0.009963  0.008847
     71/74      3.5G   0.03712   0.01043   0.01014   0.05769         9       640    0.5851    0.7286    0.7274    0.4607     0.028  0.009838  0.008893
     72/74      3.5G   0.02346   0.01124  0.007409   0.04211        13       640    0.5854    0.7286    0.7154    0.4567   0.02791  0.009861  0.008916
     73/74      3.5G   0.03062   0.01186  0.009249   0.05173        10       640    0.5838     0.728     0.714    0.4563     0.028   0.00996  0.008879
     74/74      3.5G   0.02854   0.01134  0.009433   0.04931        15       640    0.5729    0.7286     0.713    0.4592   0.02784   0.01003  0.008916
